H(inft1) = 14.539074329191795
H(inft2) = 16.99360619276312
H(inft3) = 16.88496755839357
H(inft4) = 15.720241359775612
H(virs1) = 14.242065647819388
H(virs2) = 16.960107242874788
H(virs3) = 14.763516608498826
H(virs4) = 12.191701847358685
